0.525862
0.0689655
0.0775862
0.00862069
0.0258621
0
0
0.0344828
0
0.00862069
0.00862069
0.0689655
0.00862069
0
0.00862069
0
0.0948276
0.0172414
0.00862069
0
0
0
0.0517241
0.0172414
0.0172414
0.00862069
0
0
0.0344828
0.0517241
0.00862069
0
0
0
0.0172414
0.00862069
0.0603448
0.0344828
0.0431034
0.0172414
0
0.0431034
0.0431034
0.0431034
0.0172414
0.0172414
0.0258621
0.00862069
0
0.0172414
0.0344828
0.0172414
0.00862069
0.0517241
0.0172414
0.0862069
0.0431034
0.103448
1
0.401408
0.0422535
0.0422535
0.00704225
0.028169
0.0140845
0
0.0352113
0.0140845
0.00704225
0.00704225
0.0492958
0.0211268
0.0140845
0.00704225
0.00704225
0.0704225
0.0211268
0.00704225
0.00704225
0.00704225
0.0140845
0.028169
0.00704225
0
0
0.00704225
0.00704225
0.028169
0.028169
0.0211268
0
0
0.00704225
0
0.0140845
0.00704225
0
0
0
0.0211268
0.0352113
0
0.0140845
0.00704225
0.00704225
0.0211268
0
0.00704225
0
0.0211268
0
0.0211268
0.00704225
0.0140845
0.028169
0.0422535
0.15493
1
0.423729
0.00847458
0.059322
0.00847458
0.144068
0.0169492
0
0.0338983
0.0338983
0.0423729
0
0.059322
0.0254237
0.135593
0.118644
0.0254237
0.059322
0.0254237
0.0169492
0.0423729
0.0423729
0.0508475
0.00847458
0.00847458
0
0
0.0169492
0.0762712
0.0423729
0.00847458
0.00847458
0
0
0.00847458
0.00847458
0.0677966
0
0
0
0
0.00847458
0.0254237
0
0
0
0.00847458
0
0
0
0
0.00847458
0.00847458
0
0
0.0169492
0.0338983
0.0169492
0.110169
1
0.416667
0.0227273
0.030303
0
0.0151515
0
0
0.0227273
0
0
0
0.0378788
0.00757576
0
0
0
0.106061
0.0454545
0.00757576
0
0.00757576
0.00757576
0.106061
0.0378788
0.0151515
0.0378788
0
0.00757576
0
0.0454545
0
0.00757576
0
0
0
0.00757576
0.0454545
0.0151515
0.00757576
0
0
0.00757576
0.0378788
0.0378788
0.00757576
0.00757576
0
0.0378788
0.0227273
0.00757576
0
0.030303
0.030303
0.0378788
0.00757576
0.0757576
0.0227273
0.128788
1
0.416107
0.0402685
0.0671141
0
0.0268456
0
0
0.0134228
0.00671141
0.00671141
0
0.0469799
0
0.00671141
0.0134228
0.0134228
0.0536913
0.0134228
0
0.00671141
0
0.00671141
0.0402685
0.0402685
0.00671141
0
0.00671141
0.00671141
0
0.0201342
0
0
0
0
0.00671141
0.0268456
0.00671141
0.00671141
0
0
0.00671141
0.033557
0
0
0.00671141
0.0201342
0.0268456
0.0134228
0
0.00671141
0.0134228
0
0.00671141
0.033557
0.0201342
0.0134228
0.0402685
0.120805
1
0.4
0.00833333
0.0333333
0.00833333
0.133333
0.05
0
0.0916667
0.0833333
0.00833333
0
0.0583333
0.05
0.05
0.0666667
0.025
0.0333333
0.025
0.025
0.0583333
0.0583333
0.0333333
0.025
0.00833333
0
0
0.00833333
0.0166667
0.0333333
0.0333333
0
0
0
0.0333333
0
0.05
0
0
0
0
0
0.0333333
0.00833333
0
0
0
0
0
0
0
0
0
0.00833333
0.0166667
0.025
0.025
0.0416667
0.15
1
0.552
0.072
0.056
0.024
0.016
0
0
0.024
0
0
0
0.016
0
0.008
0
0.008
0.04
0.016
0
0
0
0
0.056
0.056
0
0
0.016
0
0
0.072
0.048
0.016
0.008
0
0.008
0.008
0.016
0.032
0.008
0.008
0.008
0.048
0
0.048
0.016
0.008
0.024
0
0.024
0.016
0.008
0
0.008
0.04
0
0.08
0.016
0.176
1
0.340278
0.0347222
0.0972222
0
0.0347222
0.00694444
0
0.00694444
0.00694444
0
0
0.0138889
0
0.00694444
0
0.00694444
0.0694444
0.00694444
0
0
0
0.00694444
0.0277778
0.0347222
0.00694444
0
0.00694444
0
0.0138889
0.0625
0.00694444
0.0277778
0.00694444
0
0.00694444
0.0208333
0
0.0208333
0
0.0138889
0
0.0347222
0.00694444
0.0138889
0
0.0138889
0.0347222
0
0
0.0208333
0.0138889
0.00694444
0
0.0277778
0.0347222
0.0555556
0.0208333
0.166667
1
0.416667
0.0227273
0.0530303
0
0.0606061
0.0227273
0.00757576
0.0606061
0.0227273
0.0227273
0.00757576
0.0757576
0.030303
0.0454545
0.0227273
0
0.0454545
0.0227273
0.0151515
0.0454545
0.0378788
0.0151515
0.0530303
0
0.00757576
0.0151515
0.0151515
0.0227273
0.0151515
0.030303
0
0
0.00757576
0.00757576
0.00757576
0.0454545
0
0.0227273
0
0
0.00757576
0.0227273
0
0
0
0.00757576
0.00757576
0
0
0
0.0227273
0
0
0
0.0227273
0.0378788
0.00757576
0.121212
1
0.491379
0.0344828
0.0775862
0
0.0689655
0.00862069
0
0.0517241
0.00862069
0
0
0.0948276
0.0172414
0.0172414
0.00862069
0
0.12931
0.0344828
0.0258621
0.0172414
0.00862069
0.00862069
0.0862069
0.0689655
0
0.00862069
0.0172414
0.00862069
0.0517241
0.0258621
0.00862069
0
0
0
0
0
0.0344828
0.0431034
0.00862069
0.00862069
0
0.0258621
0
0.0431034
0.0172414
0.00862069
0.00862069
0
0.0172414
0.0172414
0.0344828
0.0172414
0.0344828
0.0344828
0
0.0258621
0.0172414
0.137931
1
0.411765
0.0672269
0.0840336
0.00840336
0.0168067
0
0
0.0252101
0.00840336
0
0
0.0504202
0.0336134
0
0.00840336
0
0.0756303
0.00840336
0
0
0
0
0.0840336
0.0252101
0.00840336
0
0.0168067
0.00840336
0
0.0420168
0.0252101
0.0168067
0
0.00840336
0
0.0168067
0.0840336
0.0840336
0.0504202
0.00840336
0.00840336
0.092437
0.0336134
0.0168067
0.0336134
0
0.00840336
0
0.00840336
0.0336134
0.0168067
0
0.0336134
0.0420168
0
0.0252101
0.00840336
0.201681
1
0.445312
0.0625
0.0625
0.03125
0.0703125
0.015625
0.0234375
0.03125
0.0390625
0.0078125
0.0234375
0.03125
0.0390625
0.0390625
0.015625
0.0234375
0.0546875
0
0.015625
0.0078125
0.015625
0.015625
0
0
0
0
0.0078125
0.015625
0.015625
0.03125
0.015625
0.0078125
0.03125
0.0234375
0.0078125
0.0390625
0.015625
0.015625
0.015625
0.015625
0.0234375
0.03125
0
0
0.0078125
0.015625
0.015625
0
0
0
0.015625
0.0078125
0
0.015625
0.0078125
0.0234375
0.0078125
0.140625
1
0.447761
0.0447761
0.0746269
0.0149254
0.0522388
0.0223881
0.00746269
0.0522388
0.0149254
0.0223881
0
0.0223881
0.0149254
0.00746269
0.00746269
0.00746269
0.0373134
0.0223881
0
0.00746269
0
0.0149254
0.0597015
0
0
0
0.0149254
0
0.0298507
0.0447761
0.0149254
0.0149254
0
0
0.0149254
0.0298507
0
0.00746269
0.0223881
0.0149254
0.00746269
0.0223881
0
0.0149254
0
0.00746269
0.0149254
0
0
0.0149254
0.0522388
0.00746269
0.0149254
0.00746269
0.0149254
0.0373134
0
0.141791
1
0.508475
0.0423729
0.0169492
0.0338983
0.0338983
0.0169492
0.00847458
0.00847458
0
0
0.00847458
0.0338983
0.0338983
0
0.00847458
0.0169492
0.0847458
0
0.00847458
0
0
0
0.0932203
0.0338983
0.0169492
0
0.00847458
0
0.00847458
0.0508475
0.0254237
0.00847458
0.00847458
0.00847458
0
0.0254237
0.0423729
0.0254237
0.0169492
0.00847458
0
0.0338983
0.0169492
0.0508475
0.0423729
0.0254237
0.0423729
0.0254237
0.0169492
0.0254237
0.0338983
0.00847458
0.0338983
0.0254237
0
0.0254237
0.0423729
0.169492
1
0.428571
0.0601504
0.0601504
0.0300752
0.0300752
0.0225564
0.037594
0.0225564
0.0225564
0.0075188
0.0300752
0.0075188
0.0075188
0.0075188
0.0150376
0
0.0150376
0
0
0
0.0150376
0.0150376
0.0601504
0
0
0.0075188
0
0
0.0150376
0.0451128
0.0300752
0.037594
0.0451128
0.0225564
0.0075188
0.0225564
0.0150376
0.0150376
0.0075188
0.0075188
0.0300752
0.0526316
0
0.0075188
0
0
0.0225564
0
0
0.0075188
0.0225564
0
0
0.0075188
0.0075188
0.0225564
0.0150376
0.172932
1
0.462264
0.0849057
0.141509
0.0377358
0.141509
0.0943396
0.0943396
0.0188679
0.0943396
0.0283019
0.0566038
0.0188679
0.0283019
0.0377358
0.0283019
0.0566038
0.0188679
0
0
0.00943396
0.00943396
0
0.00943396
0
0
0
0
0
0.0471698
0.0660377
0.00943396
0.0471698
0.0377358
0.0377358
0.0849057
0.0660377
0.00943396
0
0
0.0188679
0.0283019
0.0660377
0
0
0
0.00943396
0.0471698
0
0
0
0.0188679
0
0
0.00943396
0
0.00943396
0
0.103774
1
0.406504
0.0650406
0.113821
0.0325203
0.0243902
0
0
0.0162602
0.00813008
0
0
0.0243902
0.00813008
0
0
0
0.0650406
0.0162602
0
0
0.00813008
0
0.0813008
0
0
0
0
0
0.00813008
0.0325203
0.0487805
0.0406504
0.00813008
0
0.0243902
0.0162602
0.0406504
0.0650406
0.0569106
0.0162602
0.0325203
0.0731707
0.00813008
0.0162602
0.0325203
0.0243902
0.0813008
0
0
0.00813008
0.0325203
0
0.00813008
0.0162602
0.0162602
0.0487805
0.0406504
0.0813008
1
0.425532
0.0425532
0.0567376
0.0212766
0.0141844
0.0141844
0.0070922
0.0425532
0.0070922
0
0.0070922
0.0283688
0
0.0070922
0.0070922
0.0212766
0.0851064
0.0212766
0
0
0.0070922
0
0.0496454
0
0
0.0070922
0
0
0
0.0070922
0.0070922
0.035461
0.0141844
0.0141844
0
0.0283688
0
0.0212766
0
0.0141844
0
0.0567376
0
0
0.0070922
0.0070922
0.0283688
0.0141844
0
0.0141844
0.0141844
0
0.0070922
0.0212766
0.0141844
0.0283688
0
0.170213
1
0.564103
0.128205
0.025641
0.025641
0.025641
0
0.025641
0.0512821
0
0
0
0
0
0
0
0
0.025641
0
0
0
0
0
0
0
0
0
0
0
0
0.0512821
0.153846
0.025641
0
0
0.0512821
0.025641
0.0512821
0.128205
0
0.0512821
0.025641
0.025641
0.025641
0
0
0.0512821
0.0512821
0
0.025641
0
0.025641
0
0
0.025641
0
0
0
0.205128
1
0.552632
0.157895
0.184211
0
0.0526316
0.0263158
0.0526316
0
0.0263158
0
0
0.0263158
0
0
0
0.0263158
0.0789474
0.0526316
0
0
0
0
0.0263158
0.0263158
0
0
0
0
0
0.0263158
0
0.0526316
0
0.0526316
0
0.0789474
0
0
0
0.0263158
0.0263158
0.0263158
0
0
0
0
0.0526316
0
0
0.0263158
0.0263158
0
0
0
0.0263158
0
0.0263158
0.210526
1
0.486486
0
0
0.027027
0.108108
0.0810811
0
0.0540541
0.162162
0
0
0.027027
0.0810811
0.0810811
0.027027
0
0.0540541
0
0.0540541
0.027027
0
0.0540541
0
0
0
0
0
0.0540541
0.027027
0.027027
0.027027
0.027027
0
0.027027
0
0.0810811
0.027027
0
0.027027
0.027027
0
0
0
0
0
0
0.027027
0
0.027027
0
0
0
0.027027
0.027027
0.027027
0.027027
0
0.189189
1
0.526316
0.0789474
0.0789474
0.0526316
0.0526316
0
0.0263158
0
0
0
0
0.0263158
0
0
0
0
0.0789474
0
0
0
0
0.0263158
0.0789474
0
0
0
0
0
0
0.0263158
0.105263
0.0526316
0
0
0.0526316
0
0
0.105263
0.0263158
0.0263158
0.0263158
0.0789474
0
0
0.0263158
0.0263158
0.0263158
0.0263158
0
0
0.0263158
0
0
0.0263158
0
0
0
0.263158
1
0.333333
0.128205
0.0512821
0.025641
0.102564
0.128205
0.0769231
0.0769231
0.025641
0
0.025641
0.0512821
0.025641
0.025641
0
0
0
0
0.025641
0
0.025641
0.0512821
0
0.025641
0
0
0
0
0.0512821
0.025641
0
0.102564
0
0
0.025641
0
0
0.025641
0
0.0512821
0
0.025641
0
0
0
0
0.0512821
0
0
0
0.025641
0
0
0.025641
0
0
0.025641
0.230769
1
0.390244
0.0487805
0.097561
0.0243902
0.0487805
0.0243902
0
0
0.0487805
0.0487805
0.0243902
0.0731707
0.0487805
0.0731707
0.0243902
0
0
0.0243902
0.097561
0.0243902
0.0731707
0.0243902
0
0
0
0
0.0487805
0.0243902
0.0243902
0
0
0
0
0.0731707
0.0487805
0.0487805
0
0
0
0
0
0.0487805
0
0
0
0
0
0
0
0
0
0
0.0243902
0.0243902
0
0.0243902
0
0.121951
1
0.404762
0.047619
0.0714286
0.0238095
0
0
0
0.0714286
0
0
0
0.0238095
0
0
0
0
0.0714286
0
0
0
0
0
0.142857
0
0
0
0
0
0.0238095
0.0238095
0.047619
0.0238095
0
0
0
0
0.0238095
0.142857
0
0
0.0238095
0.0238095
0
0
0.0238095
0.0238095
0.0714286
0
0.0238095
0
0.0238095
0.0238095
0.047619
0.047619
0
0.0238095
0.047619
0.119048
1
0.435897
0.0769231
0.025641
0.025641
0.025641
0
0
0.025641
0.025641
0.025641
0
0.0769231
0.025641
0
0.0512821
0
0.102564
0.0512821
0.0512821
0
0.025641
0
0.025641
0
0.025641
0.025641
0.0769231
0.025641
0.0769231
0
0.0512821
0
0
0
0
0
0
0
0
0
0.0512821
0
0
0.025641
0
0.025641
0
0.025641
0.025641
0
0
0.025641
0
0.025641
0.0769231
0.025641
0
0.205128
1
0.342105
0
0.0263158
0
0.0526316
0
0
0.105263
0.0526316
0
0
0.131579
0.0789474
0.210526
0.0789474
0
0.0263158
0
0.0526316
0.157895
0.105263
0
0
0
0.0263158
0
0
0
0.0263158
0.0263158
0
0
0
0
0.0263158
0.0526316
0
0
0
0
0
0.0526316
0
0
0
0
0
0
0
0
0
0
0
0
0.0789474
0.105263
0.0789474
0.0526316
1
0.578125
0.0260417
0.0572917
0.0104167
0.0520833
0.015625
0.00520833
0.0625
0.0416667
0.00520833
0.00520833
0.0260417
0.015625
0.0104167
0.0104167
0.00520833
0.078125
0.0208333
0.00520833
0.015625
0.015625
0.00520833
0.0208333
0.00520833
0.015625
0.015625
0.0104167
0.0364583
0.03125
0.0416667
0.00520833
0.0104167
0.00520833
0
0.0104167
0.0260417
0.00520833
0.0260417
0.0104167
0.00520833
0.015625
0.015625
0.0104167
0
0.00520833
0.0104167
0.015625
0.00520833
0
0.0104167
0.0260417
0.0104167
0
0.0104167
0.0104167
0.0416667
0.0520833
0.130208
1
0.549738
0.026178
0.0418848
0.0104712
0.0314136
0.026178
0.0052356
0.052356
0.026178
0.0052356
0.0104712
0.0732984
0.0157068
0.0104712
0.0052356
0
0.0575916
0.0209424
0.0104712
0.0052356
0.0104712
0.0104712
0.026178
0.0209424
0.0104712
0.0157068
0.0157068
0
0.0366492
0.0366492
0.026178
0
0.0052356
0.0052356
0.0157068
0.0052356
0.0104712
0.0157068
0.0052356
0.0052356
0.0157068
0.0628272
0
0
0
0
0.026178
0.0157068
0.0104712
0.0157068
0.0366492
0.0052356
0.0104712
0.0157068
0.0052356
0.0418848
0.0366492
0.172775
1
0.451456
0.0242718
0.0291262
0
0.0291262
0.00485437
0
0.0485437
0.00485437
0.00485437
0
0.0825243
0.0194175
0.0145631
0.00970874
0
0.0825243
0.0339806
0.00970874
0
0.0194175
0
0.0728155
0.0145631
0.0145631
0.0242718
0.00970874
0.0145631
0.0291262
0.0485437
0.00485437
0
0
0
0.00485437
0.00970874
0.00970874
0
0.00485437
0
0.00485437
0.00485437
0.0145631
0
0
0
0.00485437
0.0194175
0.00485437
0.00485437
0.0291262
0.00485437
0.0145631
0.0242718
0.0242718
0.0436893
0.0242718
0.179612
1
0.516854
0.0505618
0.0617978
0.00561798
0.0730337
0.0449438
0.00561798
0.0561798
0.0449438
0.0280899
0.011236
0.0955056
0.0505618
0.0337079
0.0224719
0.011236
0.0561798
0.011236
0.0337079
0.0337079
0.0280899
0.0449438
0.0280899
0.00561798
0.00561798
0.011236
0.0280899
0.0224719
0.0168539
0.0280899
0.0168539
0.0224719
0
0.0168539
0.0224719
0.0505618
0.00561798
0
0.00561798
0
0.00561798
0.0337079
0
0
0.00561798
0.00561798
0.011236
0.011236
0
0.011236
0
0
0.011236
0.0280899
0.011236
0.0280899
0.011236
0.151685
1
0.539604
0.019802
0.0148515
0
0.019802
0.00990099
0
0.0544554
0.00495049
0.00495049
0.00495049
0.0544554
0.029703
0.019802
0.00495049
0.00990099
0.0792079
0.0445545
0.0346535
0.0148515
0
0.00495049
0.0594059
0.00990099
0.00990099
0.00495049
0.0148515
0.0148515
0.0247525
0.029703
0.00990099
0
0
0
0.00495049
0.00495049
0.019802
0.00495049
0
0
0
0.0247525
0
0.00495049
0
0.00495049
0.0148515
0
0.00495049
0.00990099
0.00990099
0.00495049
0.029703
0.0148515
0.00990099
0.039604
0.0693069
0.158416
1
0.488038
0.062201
0.0334928
0
0.0382775
0
0
0.0287081
0
0.00478469
0
0.062201
0.0143541
0.00956938
0.00478469
0
0.0574163
0.0191388
0.00956938
0.00956938
0.00478469
0
0.0526316
0.0191388
0.00478469
0.00478469
0.00478469
0.00478469
0.0334928
0.0334928
0.0191388
0
0.00478469
0
0
0.00956938
0.0287081
0
0.00478469
0
0.00478469
0.0334928
0.00478469
0.0143541
0
0
0.00478469
0.0143541
0.00956938
0.00478469
0.0287081
0.00956938
0.00956938
0.00478469
0.0143541
0.0382775
0.0287081
0.200957
1
0.360215
0.0430108
0.0806452
0.0107527
0.0645161
0.0215054
0.016129
0.0591398
0.0483871
0.0107527
0.0107527
0.0860215
0.0698925
0.0913979
0.0376344
0.016129
0.0376344
0.0322581
0.0268817
0.0645161
0.0483871
0.0322581
0.0268817
0.00537634
0.0107527
0
0.0376344
0.0430108
0.0322581
0.00537634
0.00537634
0.0107527
0.00537634
0.0215054
0.00537634
0.016129
0.00537634
0
0
0.00537634
0.00537634
0.0268817
0.00537634
0
0
0
0.016129
0.016129
0
0.0107527
0
0.00537634
0
0.0215054
0.0215054
0.0215054
0.016129
0.134409
1
0.467662
0.0248756
0.0646766
0.00497512
0.0547264
0.0298507
0.00497512
0.0696517
0.0199005
0.00497512
0.00497512
0.0597015
0.0298507
0.0149254
0.0149254
0.0248756
0.0547264
0.00497512
0.0149254
0.0248756
0.00995025
0.00995025
0.0547264
0.00497512
0
0.00995025
0.0149254
0.00995025
0.0348259
0.0696517
0
0.00995025
0.00497512
0.00995025
0.0149254
0.00995025
0
0.00497512
0.00497512
0.0149254
0.00995025
0.00995025
0.00497512
0
0
0
0.00995025
0.00497512
0
0.00497512
0
0
0.00497512
0.0149254
0.0149254
0.0199005
0.0298507
0.179104
1
0.528497
0.0673575
0.0621762
0.0103627
0.0518135
0.015544
0
0.0414508
0.0207254
0
0
0.0777202
0.0207254
0
0.00518135
0
0.0466321
0.0362694
0.00518135
0
0.00518135
0.0259067
0.0310881
0.0259067
0.015544
0.00518135
0.00518135
0.0103627
0.0103627
0.0569948
0.0103627
0.015544
0.00518135
0.00518135
0.00518135
0.00518135
0.0207254
0.0103627
0
0.00518135
0.00518135
0.0466321
0
0.00518135
0.0103627
0
0.0362694
0.0103627
0.0103627
0.0103627
0.0207254
0.015544
0
0.015544
0.0103627
0.0259067
0.0310881
0.186529
1
